7,2,3,5,10,11,14,12,13,15,20,4,19,9,8,18,17,1,6,16,   Generation No: 0    Distance: 5938,33928043405
7,3,2,14,10,11,5,12,13,19,20,4,15,9,8,18,17,1,6,16,   Generation No: 20    Distance: 5703,50773948537
7,3,2,14,19,11,5,12,4,10,20,13,15,9,8,18,17,1,6,16,   Generation No: 42    Distance: 5478,42185110254
7,3,14,2,10,11,5,12,13,19,20,4,15,8,9,18,17,1,6,16,   Generation No: 47    Distance: 5399,62047326994
7,14,2,3,11,19,5,12,4,10,20,13,15,9,8,18,17,1,6,16,   Generation No: 48    Distance: 5103,42339181551
7,14,2,3,11,19,5,12,4,10,20,13,15,9,8,18,17,1,16,6,   Generation No: 59    Distance: 4985,91420886428
7,6,2,3,11,19,5,12,4,10,20,13,15,9,18,8,17,1,16,14,   Generation No: 78    Distance: 4926,3365368143
2,6,7,3,11,19,5,12,4,10,20,13,15,9,18,8,17,1,16,14,   Generation No: 80    Distance: 4776,27849784363
6,14,7,3,11,19,5,12,4,10,20,13,15,9,18,8,17,1,16,2,   Generation No: 81    Distance: 4716,89194032115
6,14,7,3,11,19,5,12,4,10,20,13,15,8,18,9,17,1,16,2,   Generation No: 120    Distance: 4462,5596229842
6,14,7,3,5,19,11,12,4,10,20,13,15,8,18,9,17,1,16,2,   Generation No: 138    Distance: 4403,19622418771
7,14,6,3,5,19,11,12,4,10,20,13,15,8,18,9,17,1,16,2,   Generation No: 157    Distance: 4384,84123070179
7,14,6,3,5,11,19,12,4,10,20,13,15,8,18,9,17,1,16,2,   Generation No: 171    Distance: 4358,39357762353
7,14,6,3,5,11,20,12,13,10,19,4,15,8,18,9,17,1,16,2,   Generation No: 213    Distance: 4322,02493900316
7,14,6,3,5,11,20,12,13,10,19,4,15,8,18,17,9,1,16,2,   Generation No: 249    Distance: 4321,61005014082
7,14,6,3,5,11,20,4,13,10,19,12,15,8,18,17,9,1,16,2,   Generation No: 251    Distance: 4304,73548682183
14,7,6,3,5,11,20,4,13,10,19,12,15,8,18,17,9,1,16,2,   Generation No: 333    Distance: 4205,94452988677
14,7,6,3,5,11,20,4,13,10,19,12,15,8,9,17,18,1,16,2,   Generation No: 349    Distance: 3962,09480176317
14,7,6,3,5,12,20,4,13,10,19,11,15,8,9,17,18,1,16,2,   Generation No: 412    Distance: 3362,4779598472
14,7,6,3,5,12,20,19,13,10,4,11,15,8,9,17,18,1,16,2,   Generation No: 457    Distance: 3360,27827870233
14,7,6,12,5,3,20,19,13,10,4,11,15,8,9,17,18,1,16,2,   Generation No: 514    Distance: 3033,49773490855
14,7,6,12,5,3,20,11,13,10,4,19,15,8,9,17,18,1,16,2,   Generation No: 619    Distance: 2952,16080867822
14,7,6,12,5,3,20,11,19,10,4,13,15,8,9,17,18,1,16,2,   Generation No: 636    Distance: 2616,5137198754
14,7,6,12,3,5,20,11,19,10,4,13,15,8,9,17,18,1,16,2,   Generation No: 679    Distance: 2539,51753285556
14,7,6,12,3,5,20,11,19,10,4,13,8,15,9,17,18,1,16,2,   Generation No: 1006    Distance: 2475,95638012529
14,7,6,12,3,5,11,20,19,10,4,13,8,15,9,17,18,1,16,2,   Generation No: 1120    Distance: 2352,11370283618
14,7,6,12,3,5,11,20,19,4,10,13,8,15,9,17,18,1,16,2,   Generation No: 1453    Distance: 2322,60716608639
1,29,16,4,23,47,7,21,12,25,10,35,33,27,32,34,8,2,5,9,38,22,17,24,31,50,45,49,11,30,26,37,41,19,15,46,20,14,3,6,39,42,43,44,28,36,48,13,18,40,   Generation No: 0    Distance: 17426,6724900626
1,29,16,8,23,47,7,21,12,25,10,35,33,27,32,34,4,2,5,9,38,22,17,24,31,50,45,49,11,30,26,37,41,19,15,46,20,14,3,6,39,42,43,44,28,36,48,13,18,40,   Generation No: 2    Distance: 17290,457099612
1,29,16,4,23,47,7,21,12,25,10,9,33,27,32,34,8,2,5,35,38,20,17,24,31,50,45,49,6,30,26,37,41,19,15,46,22,14,3,11,39,42,43,44,28,36,48,13,18,40,   Generation No: 4    Distance: 17285,6429497704
32,29,16,4,23,47,7,21,12,25,10,9,33,27,1,34,8,2,5,35,38,20,17,24,31,50,45,49,6,30,26,37,41,19,15,46,22,14,3,11,39,42,43,44,28,36,48,13,18,40,   Generation No: 7    Distance: 16859,6045813947
32,29,16,4,23,47,7,25,12,21,10,9,33,27,1,34,8,2,5,35,38,20,17,24,31,50,45,49,6,30,26,37,41,19,15,46,22,14,3,11,39,42,43,44,28,36,48,13,18,40,   Generation No: 12    Distance: 16847,8139547508
32,29,16,4,23,47,7,21,12,25,10,9,33,27,1,34,8,2,5,35,38,20,17,24,31,50,45,49,6,30,26,36,41,19,15,46,22,14,3,11,39,42,43,44,28,37,48,13,18,40,   Generation No: 13    Distance: 16758,3325539782
32,29,16,4,23,47,7,21,12,25,10,9,33,27,1,34,8,2,5,35,38,20,17,6,31,50,45,49,24,30,26,36,41,19,15,46,22,14,3,11,39,42,43,44,28,37,48,13,18,40,   Generation No: 20    Distance: 15940,271492102
32,29,16,9,23,47,18,21,12,11,7,34,48,39,41,4,8,2,5,35,38,20,17,6,31,50,45,49,24,30,26,36,1,19,15,46,22,14,3,25,27,42,43,44,28,37,33,13,10,40,   Generation No: 27    Distance: 15703,6187444323
32,29,16,9,23,47,18,21,12,11,7,34,48,39,41,4,8,2,5,35,38,20,17,28,31,50,45,49,24,30,26,36,1,19,15,46,22,14,3,25,27,42,43,44,6,37,33,13,10,40,   Generation No: 51    Distance: 15670,5017691067
32,29,16,9,23,47,18,21,12,37,7,34,48,39,41,4,8,2,5,35,38,20,17,28,31,50,45,49,24,30,26,36,1,19,15,46,22,14,3,25,27,42,43,44,6,11,33,13,10,40,   Generation No: 60    Distance: 15554,1100009335
32,29,16,9,23,47,18,21,12,37,7,34,48,39,41,4,8,2,5,35,38,20,17,28,31,50,45,49,36,30,26,24,1,19,15,46,22,14,3,25,27,42,43,44,6,11,33,13,10,40,   Generation No: 66    Distance: 15341,0765017978
32,29,16,9,23,47,18,21,12,37,7,34,48,39,41,4,20,2,5,35,38,8,17,28,31,50,45,49,36,30,26,24,1,19,15,46,22,14,3,25,27,42,43,44,6,11,33,13,10,40,   Generation No: 70    Distance: 15304,4760759612
32,29,16,9,23,47,18,21,12,37,7,34,48,39,41,4,20,2,5,35,38,8,17,28,31,50,45,49,36,30,26,24,1,11,15,46,22,14,3,25,27,42,43,44,6,19,33,13,10,40,   Generation No: 85    Distance: 14741,35824401
32,29,16,9,23,47,18,21,12,37,7,34,48,13,41,4,20,2,5,35,38,8,17,28,31,50,45,49,36,30,26,24,1,11,15,46,22,14,3,25,27,42,43,44,6,19,33,39,10,40,   Generation No: 93    Distance: 14669,9166941166
32,29,16,9,23,47,18,21,12,37,7,34,48,39,41,4,20,2,5,24,38,8,17,28,31,50,45,49,36,30,26,35,1,11,15,46,6,14,3,25,27,42,43,44,22,19,33,13,10,40,   Generation No: 95    Distance: 14433,1563854809
32,29,16,9,23,47,18,21,12,46,7,34,48,39,41,4,20,2,5,24,38,8,17,28,31,50,45,49,36,30,26,35,1,11,15,37,6,14,3,25,27,42,43,44,40,19,33,13,10,22,   Generation No: 119    Distance: 14425,4448166217
32,29,16,9,23,47,18,21,12,46,7,34,48,39,41,4,20,2,5,42,38,8,17,28,31,50,45,49,36,30,26,35,1,11,15,37,6,14,3,25,27,24,43,44,40,19,33,13,10,22,   Generation No: 123    Distance: 14365,2693591117
32,29,16,9,23,47,18,21,12,46,7,34,48,39,41,4,20,2,5,42,38,8,15,28,31,50,45,49,36,30,26,35,1,11,17,37,6,14,3,25,27,24,43,44,40,19,33,13,10,22,   Generation No: 134    Distance: 14198,171386093
32,29,16,9,23,47,18,21,12,46,7,34,48,39,41,4,20,2,24,42,38,8,15,28,31,50,45,49,36,30,26,35,1,11,17,37,6,14,3,25,27,5,43,44,40,19,33,13,10,22,   Generation No: 143    Distance: 13923,0708869286
32,29,16,9,23,47,18,21,12,46,7,34,48,39,41,4,10,2,24,42,38,8,15,28,31,50,45,49,36,30,26,35,1,11,17,37,6,14,3,25,27,5,43,44,40,19,33,13,20,22,   Generation No: 163    Distance: 13184,6935007879
32,29,16,9,23,47,18,21,12,46,7,34,48,39,41,4,10,2,24,42,38,8,15,20,31,50,45,49,36,30,26,35,1,11,17,37,6,14,3,25,27,5,43,44,40,19,33,13,28,22,   Generation No: 183    Distance: 12591,6423047519
32,29,16,9,23,47,18,21,12,46,7,34,48,39,41,4,10,2,24,42,38,8,31,14,15,50,45,49,36,30,26,35,1,11,17,37,6,20,3,25,27,5,43,44,40,19,33,13,28,22,   Generation No: 197    Distance: 12583,9304381849
32,29,16,9,7,47,18,21,12,46,23,34,48,39,41,4,10,2,24,42,38,8,31,14,15,50,45,49,36,30,26,35,1,11,17,37,6,20,3,25,27,5,43,44,40,19,33,13,28,22,   Generation No: 228    Distance: 11989,8292313824
32,29,16,9,7,47,35,21,12,46,23,34,48,39,41,4,10,2,24,42,38,8,31,14,15,50,45,49,36,30,26,18,1,11,17,37,6,20,3,25,27,5,43,44,40,19,33,13,28,22,   Generation No: 233    Distance: 11762,9923425337
32,29,16,9,7,47,35,21,12,46,23,34,48,39,41,25,10,2,24,42,38,8,31,14,15,50,45,49,36,30,26,18,1,11,17,37,6,20,3,4,27,5,43,44,40,19,33,13,28,22,   Generation No: 274    Distance: 11575,537021233
32,29,16,9,7,47,35,21,12,46,23,34,48,39,41,25,10,2,28,42,38,8,31,14,15,50,45,49,36,30,26,18,1,11,17,37,6,20,3,4,27,5,43,44,40,19,33,13,24,22,   Generation No: 337    Distance: 11096,713914468
32,29,16,9,7,47,35,21,12,46,23,34,48,39,41,25,10,2,28,42,38,8,31,14,15,50,49,45,36,30,26,18,1,11,17,37,6,20,3,4,27,5,43,44,40,19,33,13,24,22,   Generation No: 395    Distance: 11075,1427703438
32,29,16,9,7,24,35,21,12,46,23,34,48,39,41,25,10,2,28,42,38,8,31,14,15,50,49,45,36,30,26,18,1,11,17,37,6,20,3,4,27,5,43,44,40,19,33,13,47,22,   Generation No: 425    Distance: 10999,2062562676
32,29,16,9,7,24,35,21,12,46,23,34,48,39,19,25,10,2,28,42,38,8,31,14,15,50,49,45,36,30,26,18,1,11,17,37,6,20,3,4,27,5,43,44,40,41,33,13,47,22,   Generation No: 483    Distance: 10725,8024576112
32,29,16,9,7,24,35,21,12,46,23,34,33,39,19,25,10,2,28,42,38,8,31,14,15,50,49,45,36,30,26,18,1,11,17,37,6,20,3,22,27,5,43,44,40,41,48,13,47,4,   Generation No: 619    Distance: 10574,3347461934
32,29,16,9,33,24,35,21,12,46,23,34,7,39,19,25,10,2,28,42,38,8,31,14,15,50,49,45,36,30,26,18,1,11,17,37,20,6,3,22,27,5,43,44,40,41,48,13,47,4,   Generation No: 632    Distance: 10559,1379839597
32,29,16,39,33,24,35,21,12,46,23,34,7,9,19,25,10,2,28,42,38,8,31,14,15,50,49,45,36,30,26,18,1,11,17,37,20,6,3,22,27,5,43,44,40,41,48,13,47,4,   Generation No: 778    Distance: 10359,6457272598
32,29,16,39,33,24,35,21,12,46,23,34,7,9,19,25,10,2,28,4,38,8,31,14,15,50,49,45,36,30,26,18,1,11,17,37,20,6,3,22,27,5,43,44,40,41,48,13,47,42,   Generation No: 848    Distance: 10096,1663732139
32,29,16,39,33,24,35,21,12,46,23,34,7,9,28,25,10,2,19,4,38,8,31,14,15,50,49,45,36,30,26,18,1,11,17,37,20,6,3,22,27,5,43,44,40,41,48,13,47,42,   Generation No: 925    Distance: 9964,0076661432
32,29,16,39,33,24,35,21,12,46,23,34,42,9,28,25,10,2,19,4,38,8,31,14,15,50,49,45,36,30,26,18,1,11,17,37,20,6,3,22,27,5,43,44,40,41,48,13,47,7,   Generation No: 967    Distance: 9734,07609133042
32,29,16,39,33,24,35,21,12,46,23,34,42,27,28,25,10,2,19,4,38,8,31,14,15,50,49,45,36,30,26,18,1,11,17,37,20,6,3,22,9,5,43,44,40,41,48,13,47,7,   Generation No: 1316    Distance: 9625,27080681086
32,29,16,39,33,24,35,21,12,46,23,34,42,27,28,25,10,2,19,4,38,8,31,14,15,50,49,45,36,30,26,18,9,11,17,37,20,6,3,22,1,5,43,44,40,41,48,13,47,7,   Generation No: 1345    Distance: 9546,08860916555
32,29,16,2,33,24,35,21,12,46,23,34,42,27,28,25,10,39,19,4,38,8,31,14,15,50,49,45,36,30,26,18,9,11,17,37,20,6,3,22,1,5,43,44,40,41,48,13,47,7,   Generation No: 1420    Distance: 9431,84851462577
32,29,16,2,33,24,35,21,12,46,23,34,42,27,28,25,39,10,19,4,38,8,31,14,15,50,49,45,36,30,26,18,9,11,17,37,20,6,3,22,1,5,43,44,40,41,48,13,47,7,   Generation No: 1454    Distance: 9429,19930609655
32,29,16,2,33,24,35,21,12,6,23,34,42,27,28,25,39,10,19,4,38,8,31,14,15,50,49,45,36,30,26,18,9,11,17,37,20,46,3,22,1,5,43,44,40,41,48,13,47,7,   Generation No: 1470    Distance: 9380,02864130644
32,29,16,2,33,48,35,21,12,6,23,34,42,27,28,25,39,10,19,4,38,8,31,14,15,50,49,45,36,30,26,18,9,11,17,37,20,46,3,22,1,5,43,44,40,41,24,13,47,7,   Generation No: 1490    Distance: 9239,21071183594
32,29,16,2,33,48,35,12,21,6,23,34,42,27,28,25,39,10,19,4,38,8,31,14,15,50,49,45,36,30,26,18,9,11,17,37,20,46,3,22,1,5,43,44,40,41,24,13,47,7,   Generation No: 1527    Distance: 9226,16720491686
32,29,41,2,33,48,35,12,21,6,23,34,42,27,28,25,39,10,19,4,38,8,31,14,15,50,49,45,36,30,26,18,9,11,17,37,20,46,3,22,1,5,43,44,40,16,24,13,47,7,   Generation No: 1742    Distance: 9226,1633657598
32,29,41,2,33,48,7,12,21,6,23,34,42,27,28,25,39,10,19,4,38,8,31,14,15,50,49,45,36,30,26,18,9,11,17,37,20,46,3,22,1,5,43,44,40,16,24,13,47,35,   Generation No: 1798    Distance: 9173,993625305
32,29,41,2,33,48,7,12,21,38,23,34,42,27,28,25,39,10,19,4,6,8,31,14,15,50,49,45,36,30,26,18,9,11,17,37,20,46,3,22,1,5,43,44,40,16,24,13,47,35,   Generation No: 1839    Distance: 9141,22537115217
32,29,41,19,33,48,7,12,21,38,23,34,42,27,28,25,39,10,2,4,6,8,31,14,15,50,49,45,36,30,26,18,9,11,17,37,20,46,3,22,1,5,43,44,40,16,24,13,47,35,   Generation No: 1950    Distance: 9125,75506541378
32,29,5,19,33,48,7,12,21,38,23,34,42,27,28,25,39,10,2,4,6,8,31,14,15,50,49,45,36,30,26,18,9,11,17,37,20,46,3,22,1,41,43,44,40,16,24,13,47,35,   Generation No: 2087    Distance: 8998,39980452989
32,29,5,19,33,48,27,12,21,38,23,34,42,7,28,25,39,10,2,4,6,8,31,14,15,50,49,45,36,30,26,18,9,11,17,37,20,46,3,22,1,41,43,44,40,16,24,13,47,35,   Generation No: 2115    Distance: 8830,9629246477
32,29,5,19,33,48,27,12,21,38,23,34,42,7,28,25,39,10,2,4,6,8,31,14,15,50,49,45,36,30,26,18,9,11,17,37,20,46,3,22,1,41,16,44,40,43,24,13,47,35,   Generation No: 2236    Distance: 8756,56343605559
32,29,5,27,33,48,19,12,21,38,23,34,42,7,28,25,39,10,2,4,6,8,31,14,15,50,49,45,36,30,26,18,9,11,17,37,20,46,3,22,1,41,16,44,40,43,24,13,47,35,   Generation No: 2404    Distance: 8721,63011589025
32,29,5,27,33,48,19,12,21,38,23,34,42,7,28,25,39,10,2,4,6,8,31,14,3,50,49,45,36,30,26,18,9,11,17,37,20,46,15,22,1,41,16,44,40,43,24,13,47,35,   Generation No: 2421    Distance: 8685,16302965488
32,29,5,27,33,48,19,12,21,38,23,34,42,7,28,25,39,10,2,4,6,8,31,14,3,50,49,45,36,30,26,18,24,11,17,37,20,46,15,22,1,41,16,44,40,43,9,13,47,35,   Generation No: 2446    Distance: 8674,53558944884
32,29,5,27,33,48,19,12,21,38,23,34,42,7,28,25,39,10,2,4,31,46,6,14,3,50,49,45,36,30,26,18,24,11,17,37,20,8,15,22,1,41,16,44,40,43,9,13,47,35,   Generation No: 2504    Distance: 8648,16846752923
32,29,5,27,33,48,19,12,21,38,23,34,42,7,9,25,39,10,2,4,31,46,6,14,3,50,49,45,36,30,26,18,24,11,17,37,20,8,15,22,1,41,16,44,40,43,28,13,47,35,   Generation No: 2673    Distance: 8632,6030090877
32,29,5,28,33,48,19,12,21,38,23,34,42,7,9,25,39,10,2,4,31,46,6,14,3,50,49,45,36,30,26,18,24,11,17,37,20,8,15,22,1,41,16,44,40,43,27,13,47,35,   Generation No: 2685    Distance: 8602,05698747237
32,29,5,28,33,48,19,12,21,38,23,34,42,7,9,25,39,10,2,4,31,46,14,6,3,50,49,45,36,30,26,18,24,11,17,37,20,8,15,22,1,41,16,44,40,43,27,13,47,35,   Generation No: 2727    Distance: 8589,04834427691
32,29,5,28,33,48,19,12,21,38,23,34,42,7,9,25,2,10,39,4,31,46,14,6,3,50,49,45,36,30,26,18,24,11,17,37,20,8,15,22,1,41,16,44,40,43,27,13,47,35,   Generation No: 2967    Distance: 8578,95365239158
32,29,5,28,33,48,25,12,21,38,23,34,42,7,9,19,2,10,39,4,31,46,14,6,3,50,49,45,36,30,26,18,24,11,17,37,20,8,15,22,1,41,16,44,40,43,27,13,47,35,   Generation No: 3020    Distance: 8465,58706260359
32,29,5,28,33,48,25,12,21,38,23,34,42,7,9,19,2,10,39,4,31,46,14,6,3,50,49,45,36,30,26,18,24,11,17,37,20,8,15,22,1,16,41,44,40,43,27,13,47,35,   Generation No: 3126    Distance: 8455,51178436017
32,29,5,28,33,48,25,12,21,38,23,34,42,7,9,19,2,10,39,4,31,46,14,6,3,50,49,45,36,30,26,18,24,1,17,37,20,8,15,22,11,16,41,44,40,43,27,13,47,35,   Generation No: 3391    Distance: 8432,08212197593
32,29,5,28,33,48,25,12,21,38,23,34,42,7,9,19,2,10,39,4,31,46,14,6,3,50,49,45,36,30,26,18,24,1,17,37,20,8,15,22,11,16,41,44,40,43,27,47,13,35,   Generation No: 3452    Distance: 8399,39918114313
32,29,5,28,33,48,25,12,21,38,23,34,24,7,9,19,2,10,39,4,31,46,14,6,3,50,49,45,36,30,26,18,42,1,17,37,20,8,15,22,11,16,41,44,40,43,27,47,13,35,   Generation No: 3584    Distance: 8299,63312711874
32,29,5,28,33,48,25,12,21,38,23,34,24,7,9,19,2,10,39,4,31,14,46,6,3,50,49,45,36,30,26,18,42,1,17,37,20,8,15,22,11,16,41,44,40,43,27,47,13,35,   Generation No: 3639    Distance: 8299,5033780685
32,29,5,25,33,48,28,12,21,38,23,34,24,7,9,19,2,10,39,4,31,14,46,6,3,50,49,45,36,30,26,18,42,1,17,37,20,8,15,22,11,16,41,44,40,43,27,47,13,35,   Generation No: 3889    Distance: 8296,44867795845
32,29,28,25,33,48,5,12,21,38,23,34,24,7,9,19,2,10,39,4,31,14,46,6,3,50,49,45,36,30,26,18,42,1,17,37,20,8,15,22,11,16,41,44,40,43,27,47,13,35,   Generation No: 3975    Distance: 8281,11824405723
32,29,28,25,33,48,5,12,21,38,23,34,24,7,9,19,2,10,39,4,31,8,46,6,3,50,49,45,36,30,26,18,42,1,17,37,20,14,15,22,11,16,41,44,40,43,27,47,13,35,   Generation No: 3997    Distance: 8060,47469953622
32,29,28,25,33,48,5,12,21,38,23,34,24,7,9,19,2,10,39,4,31,3,46,6,8,50,49,45,36,30,26,18,42,1,17,37,20,14,15,22,11,16,41,44,40,43,27,47,13,35,   Generation No: 4302    Distance: 8056,56884947594
32,29,28,25,33,48,5,12,21,38,23,34,24,7,9,19,39,10,2,4,31,3,46,6,8,50,49,45,36,30,26,18,42,1,17,37,20,14,15,22,11,16,41,44,40,43,27,47,13,35,   Generation No: 4355    Distance: 8040,41172518683
32,29,28,25,9,48,5,12,21,38,23,34,24,7,33,19,39,10,2,4,31,3,46,6,8,50,49,45,36,30,26,18,42,1,17,37,20,14,15,22,11,16,41,44,40,43,27,35,13,47,   Generation No: 4729    Distance: 7941,5572223871
32,29,28,25,33,48,5,12,21,38,23,34,24,7,9,19,39,10,2,4,31,14,46,6,8,50,49,45,36,30,26,18,42,1,17,37,20,3,15,22,11,16,41,44,40,43,27,35,13,47,   Generation No: 4915    Distance: 7932,98402105001
32,29,28,25,33,48,5,12,21,38,23,34,24,7,9,19,39,10,2,4,31,15,46,6,8,50,49,45,36,30,26,18,42,1,17,37,20,3,14,22,11,16,41,44,40,43,27,35,13,47,   Generation No: 4989    Distance: 7914,47063411341
32,29,28,25,33,48,5,12,21,38,23,34,24,7,9,19,39,10,2,4,31,15,3,6,8,50,49,45,36,30,26,18,42,1,17,37,20,46,14,22,11,16,41,44,40,43,27,35,13,47,   Generation No: 5138    Distance: 7889,12296964668
32,29,28,25,33,48,5,12,21,38,36,34,24,7,9,19,39,10,2,4,31,15,3,6,8,50,49,45,23,30,26,18,42,1,17,37,20,46,14,22,11,16,41,44,40,43,27,35,13,47,   Generation No: 5199    Distance: 7752,55326321529
32,29,28,25,33,48,5,12,21,38,36,34,24,7,9,19,39,10,2,4,31,3,15,6,8,50,49,45,23,30,26,18,42,1,17,37,20,46,14,22,11,16,41,44,40,43,27,35,13,47,   Generation No: 5574    Distance: 7744,51722709697
32,29,28,25,33,48,5,12,21,38,36,34,24,7,9,19,39,10,2,4,31,8,15,6,3,50,49,45,23,30,26,18,42,1,17,37,20,46,14,22,11,16,41,44,40,43,27,35,13,47,   Generation No: 5954    Distance: 7698,50442159321
32,29,28,25,33,48,5,12,21,38,36,34,24,7,9,19,10,39,2,4,31,8,15,6,3,50,49,45,23,30,26,18,42,1,17,37,20,46,14,22,11,16,41,44,40,43,27,35,13,47,   Generation No: 6514    Distance: 7687,84129118968
32,29,28,25,33,48,5,12,21,38,36,34,24,7,9,19,10,39,2,4,31,8,15,6,3,50,49,45,23,30,26,18,42,1,17,37,20,46,14,22,11,16,41,40,44,43,27,35,13,47,   Generation No: 6516    Distance: 7674,46325042906
32,29,28,25,33,9,5,12,21,38,36,34,24,7,48,19,10,39,2,4,31,8,15,6,3,50,49,45,23,30,26,18,42,1,17,37,20,46,14,22,11,16,41,40,44,43,27,35,13,47,   Generation No: 8701    Distance: 7646,1771163071
19,3,6,7,1,17,13,8,12,9,14,16,11,10,15,2,20,5,18,4,   Generation No: 0    Distance: 6801,49717239861
19,3,13,7,1,17,10,8,12,9,14,16,11,5,15,2,20,6,18,4,   Generation No: 4    Distance: 6491,00837199515
12,2,15,6,19,10,7,13,1,14,20,18,11,16,4,8,17,9,3,5,   Generation No: 6    Distance: 6479,93896485018
8,12,13,7,1,17,10,19,3,9,5,16,11,14,15,2,20,6,18,4,   Generation No: 10    Distance: 6453,05838086992
8,12,13,7,1,17,9,19,3,10,5,16,11,14,15,2,20,6,18,4,   Generation No: 24    Distance: 6437,99199046267
8,12,13,7,1,17,3,19,10,9,5,16,11,14,15,2,20,6,18,4,   Generation No: 26    Distance: 6070,81737867529
8,12,17,7,1,13,9,19,15,10,5,16,11,3,14,2,20,6,18,4,   Generation No: 29    Distance: 5870,81231037748
8,12,17,7,1,13,9,19,15,10,5,16,4,3,14,2,20,6,18,11,   Generation No: 35    Distance: 5604,46817232768
8,12,17,7,1,13,9,19,15,20,5,16,4,3,14,2,10,11,18,6,   Generation No: 41    Distance: 5269,14662086174
8,12,17,7,1,13,9,19,15,20,5,16,4,3,10,2,14,11,18,6,   Generation No: 134    Distance: 5114,03998697898
8,12,17,7,1,13,9,10,15,20,5,16,4,3,19,2,14,11,18,6,   Generation No: 139    Distance: 4992,96691421975
8,17,12,7,1,13,9,10,15,20,5,16,4,3,19,2,14,11,18,6,   Generation No: 142    Distance: 4990,1369555603
8,12,17,7,1,13,9,10,15,20,5,16,4,3,2,19,14,11,18,6,   Generation No: 144    Distance: 4721,03286947855
8,12,17,1,7,13,9,10,15,20,5,16,4,3,2,19,14,11,18,6,   Generation No: 159    Distance: 4719,66097640482
8,17,12,1,7,13,9,10,15,20,5,16,4,3,2,19,14,11,18,6,   Generation No: 179    Distance: 4719,11353124285
8,13,12,1,7,17,9,10,15,20,5,16,4,3,2,19,14,11,18,6,   Generation No: 189    Distance: 4718,82800098396
8,13,12,1,7,17,9,10,15,20,6,16,4,3,2,19,14,11,18,5,   Generation No: 212    Distance: 4572,60967580898
8,13,12,1,7,17,9,10,2,20,6,16,4,3,15,19,14,11,18,5,   Generation No: 264    Distance: 4221,00133841586
12,13,8,1,7,17,9,10,2,20,11,16,4,3,15,19,14,6,18,5,   Generation No: 277    Distance: 3607,1048867096
12,13,8,1,7,17,9,10,2,20,11,16,4,3,15,19,14,6,5,18,   Generation No: 397    Distance: 3579,71061864743
12,13,17,1,7,8,9,10,2,20,11,16,4,3,15,19,14,6,5,18,   Generation No: 603    Distance: 3571,03648215882
12,13,17,8,7,1,9,10,2,20,11,16,4,3,15,19,14,6,5,18,   Generation No: 670    Distance: 3568,66971730539
12,13,17,8,1,7,9,10,2,20,11,16,4,3,15,19,14,6,5,18,   Generation No: 720    Distance: 3557,4142426106
12,13,17,8,1,7,9,10,2,6,11,16,4,3,15,19,14,20,5,18,   Generation No: 743    Distance: 3545,8308899123
12,13,17,8,1,7,9,10,2,6,11,4,16,3,15,19,14,20,5,18,   Generation No: 870    Distance: 3541,39874019598
12,13,17,8,1,7,9,10,2,15,11,4,16,3,6,19,14,20,5,18,   Generation No: 951    Distance: 3372,24002564495
12,13,17,8,1,7,9,10,2,15,11,4,16,3,6,20,14,19,5,18,   Generation No: 1038    Distance: 3362,59103084729
12,13,17,8,1,7,9,10,2,15,3,4,16,11,6,20,14,19,5,18,   Generation No: 1110    Distance: 3300,50100169721
7,1,17,8,13,12,9,10,2,15,3,4,16,11,6,20,14,19,5,18,   Generation No: 1724    Distance: 3297,09699041923
7,1,17,8,13,12,9,10,2,15,3,16,4,11,6,20,14,19,5,18,   Generation No: 1814    Distance: 3292,66484070291
17,1,7,8,13,12,9,10,2,15,3,16,4,11,6,20,14,19,5,18,   Generation No: 2417    Distance: 3236,60236630152
17,7,1,8,13,12,9,10,2,15,3,16,4,11,6,20,14,19,5,18,   Generation No: 2659    Distance: 3234,54080213949
8,7,1,17,13,12,9,10,2,15,3,16,4,11,6,20,14,19,5,18,   Generation No: 2905    Distance: 3093,41063120264
8,1,7,17,13,12,9,10,2,15,3,16,4,11,6,20,14,19,5,18,   Generation No: 2954    Distance: 3091,34906704061
7,1,8,17,13,12,9,10,2,15,3,16,4,11,6,20,14,19,5,18,   Generation No: 3973    Distance: 3005,30696848
16,14,20,4,5,7,1,15,8,10,11,9,18,2,6,19,12,13,17,3,   Generation No: 0    Distance: 5599,05962881199
16,14,20,4,5,7,1,15,10,11,8,9,18,2,6,19,12,13,17,3,   Generation No: 2    Distance: 5569,83103220273
16,20,4,5,7,1,15,10,14,11,8,9,18,2,6,19,12,13,17,3,   Generation No: 7    Distance: 5458,30601016297
16,20,4,5,7,1,10,14,11,8,9,18,15,2,6,19,12,13,17,3,   Generation No: 20    Distance: 5305,39039198215
16,20,4,5,7,1,10,14,11,8,9,18,15,2,19,6,12,13,17,3,   Generation No: 35    Distance: 5292,72706176838
16,20,4,5,1,10,14,11,8,9,18,7,15,2,19,6,12,13,17,3,   Generation No: 36    Distance: 5226,62523292098
16,20,5,4,7,1,10,14,11,8,9,18,15,2,19,6,12,13,17,3,   Generation No: 37    Distance: 4979,9476632482
16,5,4,7,1,10,20,14,11,8,9,18,15,2,19,6,12,13,17,3,   Generation No: 65    Distance: 4947,69715105909
16,5,4,7,1,20,10,14,11,8,9,18,15,2,19,6,12,13,17,3,   Generation No: 66    Distance: 4665,84936039496
16,5,4,7,1,20,10,14,11,8,9,18,15,13,2,19,6,12,17,3,   Generation No: 80    Distance: 4617,61612788878
16,5,14,4,7,1,20,10,11,8,9,18,15,13,2,19,6,12,3,17,   Generation No: 98    Distance: 4559,13587835916
16,5,14,20,4,7,1,10,11,8,9,18,15,13,2,19,6,12,3,17,   Generation No: 102    Distance: 4545,8819899956
16,5,14,20,4,1,10,11,8,7,9,18,15,13,2,19,6,12,3,17,   Generation No: 136    Distance: 4477,1276712239
16,10,5,14,20,4,1,11,8,7,9,18,15,13,2,19,6,12,3,17,   Generation No: 159    Distance: 3904,24128645181
16,10,5,14,20,4,1,11,8,7,9,18,15,13,12,2,19,6,3,17,   Generation No: 171    Distance: 3892,33785425713
16,10,5,14,20,4,11,8,1,7,9,18,15,13,12,2,19,6,3,17,   Generation No: 182    Distance: 3849,00413281381
16,10,5,14,20,4,8,11,1,7,9,18,15,13,12,2,19,6,3,17,   Generation No: 269    Distance: 3848,69787733189
16,10,5,14,20,11,4,8,1,7,9,18,15,13,12,2,19,6,3,17,   Generation No: 282    Distance: 3642,20924895788
16,10,5,14,20,11,4,8,1,7,9,18,15,3,13,17,12,2,19,6,   Generation No: 358    Distance: 3462,30507916916
16,10,5,14,20,11,4,8,1,9,7,18,15,3,13,17,12,2,19,6,   Generation No: 410    Distance: 3417,23539454682
16,10,5,14,20,11,4,8,1,9,7,18,15,17,3,13,12,2,19,6,   Generation No: 428    Distance: 3369,22825248281
16,10,5,14,20,11,8,4,1,9,7,18,15,17,3,13,12,2,19,6,   Generation No: 500    Distance: 3285,80319292354
16,10,5,14,20,11,8,4,1,9,7,18,15,3,17,13,12,2,19,6,   Generation No: 610    Distance: 3265,29039946653
16,12,10,5,14,20,11,8,4,1,9,7,18,15,3,17,13,2,19,6,   Generation No: 670    Distance: 3197,17627109599
16,12,10,5,14,20,11,8,4,1,9,7,18,15,13,3,17,2,19,6,   Generation No: 682    Distance: 2928,19335335818
16,12,10,5,14,20,11,8,4,1,9,7,18,15,13,17,3,2,19,6,   Generation No: 1167    Distance: 2801,98041096604
16,12,6,10,5,14,20,11,8,4,1,9,7,18,15,13,17,3,2,19,   Generation No: 1347    Distance: 2704,30157910092
16,12,19,6,10,5,14,20,11,8,4,1,9,7,18,15,13,17,3,2,   Generation No: 1510    Distance: 2696,88285023941
16,12,19,2,6,10,5,14,20,11,8,4,1,9,7,18,15,13,17,3,   Generation No: 2315    Distance: 2135,46250879424
16,12,2,19,6,10,5,14,20,11,8,4,1,9,7,18,15,13,17,3,   Generation No: 2326    Distance: 2095,61305823088
9,11,7,16,5,6,3,19,8,12,10,1,14,15,18,13,17,2,4,20,   Generation No: 0    Distance: 5187,30949149572
9,11,7,16,5,6,3,19,8,12,10,1,14,15,18,17,2,4,20,13,   Generation No: 3    Distance: 5050,55002066163
9,11,7,16,5,6,3,19,12,10,8,1,14,15,18,13,17,2,4,20,   Generation No: 5    Distance: 4932,43617699012
9,11,7,16,5,6,3,19,12,10,8,1,14,15,18,17,2,4,20,13,   Generation No: 22    Distance: 4795,67670615604
9,11,7,16,5,6,3,19,12,10,4,8,1,14,15,18,17,2,20,13,   Generation No: 30    Distance: 4792,7590680612
9,8,11,7,16,5,6,3,19,12,10,4,1,14,15,18,17,2,20,13,   Generation No: 43    Distance: 4744,74617237628
9,8,11,7,16,10,5,6,3,19,12,4,1,14,15,18,17,2,20,13,   Generation No: 44    Distance: 4687,12357733906
9,8,11,7,10,16,5,6,3,19,12,4,1,14,15,18,17,2,20,13,   Generation No: 67    Distance: 4537,89282438151
9,8,11,17,7,10,16,5,6,3,19,12,4,1,14,15,18,2,20,13,   Generation No: 73    Distance: 4523,11168708468
9,8,11,17,7,10,16,5,6,3,19,12,4,1,14,15,18,13,2,20,   Generation No: 83    Distance: 4385,60871720132
9,11,17,7,10,16,5,6,3,19,12,4,14,15,18,1,13,8,2,20,   Generation No: 95    Distance: 4264,68865815005
9,11,17,7,10,16,5,6,19,3,12,4,14,15,18,1,13,8,2,20,   Generation No: 115    Distance: 4260,97642123196
9,11,17,7,12,10,16,5,6,19,3,4,14,15,18,1,13,8,2,20,   Generation No: 120    Distance: 4087,94327863019
9,11,17,7,12,4,10,16,5,19,3,6,14,15,18,1,13,8,2,20,   Generation No: 181    Distance: 3996,05889911886
9,11,17,7,4,12,10,16,5,19,3,6,14,15,18,1,13,8,2,20,   Generation No: 256    Distance: 3934,43558047929
9,11,17,7,4,12,10,16,5,19,3,6,18,14,15,1,13,8,2,20,   Generation No: 273    Distance: 3875,55538316279
9,11,17,20,7,4,12,10,16,5,19,3,6,18,14,15,1,13,8,2,   Generation No: 296    Distance: 3782,55519491365
9,11,17,20,7,4,12,10,16,5,19,3,6,14,18,15,1,13,8,2,   Generation No: 314    Distance: 3744,96630902969
9,11,17,20,4,7,12,10,16,5,19,3,6,14,18,15,1,13,8,2,   Generation No: 354    Distance: 3623,52883084558
9,11,17,2,20,4,7,12,10,16,5,19,3,6,14,18,15,1,13,8,   Generation No: 366    Distance: 3587,35416970273
9,11,17,2,4,20,7,12,10,16,5,19,3,6,14,18,15,1,13,8,   Generation No: 489    Distance: 3573,64015152562
9,11,17,4,20,7,2,12,10,16,5,19,3,6,14,18,15,1,13,8,   Generation No: 581    Distance: 3547,65583882857
9,11,17,4,20,7,2,12,16,5,10,19,3,6,14,18,15,1,13,8,   Generation No: 638    Distance: 3275,67662912957
9,11,17,4,20,2,7,12,16,5,10,19,3,6,14,18,15,1,13,8,   Generation No: 833    Distance: 3269,12188568671
9,8,11,17,4,20,2,7,12,16,5,10,19,3,6,14,18,15,1,13,   Generation No: 1251    Distance: 3260,5361872433
9,8,11,17,4,20,2,7,12,16,5,10,6,19,3,14,18,15,1,13,   Generation No: 1267    Distance: 3054,02617676141
9,8,11,17,13,4,20,2,7,12,16,5,10,6,19,3,14,18,15,1,   Generation No: 1508    Distance: 2847,5262723283
9,8,11,17,13,4,20,2,7,12,16,5,10,6,3,19,14,18,15,1,   Generation No: 1547    Distance: 2794,29191795467
9,13,8,11,17,4,20,2,7,12,16,5,10,6,3,19,14,18,15,1,   Generation No: 1876    Distance: 2776,88252077677
9,8,13,11,17,4,20,2,7,12,16,5,10,6,3,19,14,18,15,1,   Generation No: 2825    Distance: 2683,20400029129
