3,10,16,9,12,2,14,17,18,5,11,7,4,8,13,1,20,15,19,6,   Generation No: 0    Distance: 5799,87459439736
3,10,16,1,12,2,14,17,18,5,11,7,4,8,13,9,20,15,19,6,   Generation No: 1    Distance: 5607,82999798413
3,10,16,1,12,2,14,11,18,5,17,7,4,8,13,9,20,15,19,6,   Generation No: 10    Distance: 5591,99815940465
3,10,16,1,12,2,15,17,18,5,11,7,4,8,13,9,20,14,19,6,   Generation No: 11    Distance: 5470,66884928586
3,10,16,1,12,2,15,17,18,5,11,20,4,8,13,9,7,14,19,6,   Generation No: 15    Distance: 5465,26415593993
3,10,16,1,12,2,15,17,5,18,11,20,4,8,13,9,7,14,19,6,   Generation No: 26    Distance: 5449,89406526342
3,10,16,1,12,2,15,11,5,18,17,20,4,8,13,9,7,14,19,6,   Generation No: 27    Distance: 5187,25727391597
9,10,16,1,12,2,15,11,5,18,17,20,4,8,13,3,7,14,19,6,   Generation No: 54    Distance: 5131,64966031038
9,10,16,13,12,14,15,11,5,18,17,20,8,4,1,3,7,2,19,6,   Generation No: 57    Distance: 5087,4899937412
9,10,16,13,12,14,15,11,5,19,17,20,8,4,1,3,7,2,18,6,   Generation No: 67    Distance: 4775,58571482313
9,10,16,13,3,14,15,11,5,19,17,20,8,4,1,12,7,2,18,6,   Generation No: 102    Distance: 4525,85048996287
9,10,16,13,3,14,15,2,5,19,17,20,8,4,1,12,7,11,18,6,   Generation No: 117    Distance: 4442,29628781499
9,10,16,13,3,14,15,2,17,19,5,20,8,4,1,12,7,11,18,6,   Generation No: 121    Distance: 4339,43910173333
9,10,16,13,3,2,15,14,19,17,5,20,8,4,1,12,7,11,18,6,   Generation No: 124    Distance: 4010,88496604222
9,10,16,13,3,2,15,14,19,17,5,20,8,12,1,4,7,11,18,6,   Generation No: 140    Distance: 3898,65146549762
9,10,16,13,3,2,15,11,19,17,5,20,8,12,1,4,7,14,18,6,   Generation No: 153    Distance: 3888,46352305189
9,16,10,13,3,2,15,11,19,17,5,20,8,12,4,1,7,14,18,6,   Generation No: 549    Distance: 3859,00542779535
